2.177312935012089838e+03
2.361500867793452016e+03
2.199633380400149690e+03
2.104296625621335806e+03
2.431061466318743442e+03
2.989041342317408635e+03
2.595716950943504344e+03
2.320194098867394132e+03
2.960514608364788728e+03
1.643368715714362679e+03
7.159168591701714831e+03
5.960501477159190472e+03
6.243925532662986370e+03
6.012771218818121270e+03
5.037880582615284766e+03
6.124607772243270119e+03
5.676232084949437194e+03
4.032638738613263740e+03
5.027779851552441869e+03
4.637436703776379545e+03
5.049602804396437932e+03
5.848127752148255240e+03
6.023749551099396740e+03
5.368525637309890953e+03
4.452067986292836395e+03
4.932796323842211677e+03
4.728930466013356636e+03
4.888794156076795844e+03
5.000231313128268084e+03
4.255114043569958085e+03
4.611043090472398944e+03
3.614420951435558891e+03
6.064081746176075285e+03
4.418698465980854053e+03
3.570685652746865344e+03
4.879172988883714424e+03
5.949322828712530281e+03
5.014149497701986547e+03
4.476928156889169259e+03
3.203986216219120706e+03
4.260669468763468103e+03
6.620800667948380578e+03
5.043365121526227085e+03
5.063244809291086312e+03
5.085234778337150601e+03
6.721760080579575515e+03
3.775922523798206385e+03
4.654823979774669169e+03
4.593123579047512976e+03
4.655278596414113963e+03
4.698505456678988594e+03
4.880795283204877705e+03
5.765541569909740247e+03
3.776488182238802437e+03
4.391424286132432826e+03
4.057242185749106284e+03
4.198722695903094973e+03
5.533475511932698282e+03
3.563782861447538835e+03
5.327292554032504995e+03
6.017725148842971976e+03
5.128091332798273470e+03
5.169857781777865966e+03
5.837182163906335518e+03
5.077036891457183629e+03
5.252343284178219619e+03
3.330657853906137007e+03
6.075410334423433596e+03
4.299974045942331941e+03
6.129448694697019164e+03
5.504645955588085599e+03
5.550781249133098754e+03
5.671232987978216443e+03
3.978151163907977207e+03
5.110037362742206824e+03
4.757580012784753308e+03
5.069437163333685021e+03
4.168719368216186012e+03
4.554810229283721128e+03
4.679377558717595093e+03
6.073134066636379430e+03
5.160874717632493230e+03
5.542818252241423579e+03
5.159579857229256959e+03
6.479349221359226249e+03
5.867731991821349766e+03
6.679717895206135836e+03
5.357831209256659349e+03
5.689319812713290958e+03
5.511528555183043864e+03
3.601813619797351748e+03
5.811211160350643695e+03
6.752000359576443770e+03
5.395124453397037541e+03
5.307835164762249406e+03
5.399840787069366343e+03
6.908121112840955902e+03
4.479822020250087007e+03
4.815502125665175299e+03
4.751891166044167221e+03
5.274387822096154196e+03
5.394592274468242067e+03
3.967413797567908659e+03
4.526627569554701950e+03
5.306387693933095761e+03
6.054896401908570624e+03
4.250726655021664556e+03
4.633296457447421744e+03
5.205724349876523775e+03
3.327104556487990976e+03
4.635736221655659392e+03
2.162215123313740150e+03
5.152891629739004202e+03
5.195376290998997320e+03
4.986833629830345672e+03
6.340363187561186351e+03
4.767941679105555522e+03
6.368373015830031363e+03
6.140428043242875901e+03
5.722548628265647494e+03
5.067584644099173602e+03
4.492800999894726374e+03
4.497921336462392901e+03
4.284203270284927385e+03
4.519568853002665492e+03
3.835077494304699940e+03
5.676436765186756929e+03
4.106473112256781860e+03
3.851991084450857670e+03
4.904433439117490707e+03
5.664357623802485250e+03
4.754527745799811782e+03
5.745006828625197159e+03
4.373915444167684655e+03
3.581173229600384275e+03
3.433389952727821765e+03
2.992033585422125725e+03
5.112735744413524117e+03
4.813718519146719700e+03
4.074347978430407238e+03
6.322907828199202413e+03
4.361328444534108712e+03
4.287412266126065333e+03
7.153705242514994097e+03
4.578973726125865142e+03
6.115210528653972688e+03
6.186111567837660004e+03
4.787142388617306096e+03
5.832465631649090938e+03
3.644727188550154551e+03
5.571439342037996539e+03
3.945226690773677547e+03
5.450509878267335807e+03
5.098564689378308685e+03
5.237643275115991855e+03
4.588702145786698566e+03
4.245879925228901811e+03
4.297984369184885509e+03
3.576316774558909856e+03
3.828095933472055094e+03
4.134318359207176400e+03
4.094981400906884119e+03
4.852845428692519818e+03
4.831855037663603071e+03
4.683055645012382229e+03
4.868615304580578595e+03
5.059618922979178024e+03
5.265777452022067337e+03
5.163242925535466384e+03
7.023875972926916802e+03
6.717638312772643985e+03
4.747552683349576910e+03
6.214584336904189513e+03
5.216270022795235491e+03
4.952285059596942119e+03
5.022409375015868136e+03
6.585880132483599482e+03
5.587662968035897393e+03
6.135342278636788251e+03
4.132338190858969938e+03
4.566036246746099096e+03
5.662698424085063380e+03
6.397658640982288489e+03
5.404063812845441134e+03
5.044557486027746563e+03
3.521787246907154440e+03
4.514774733139886848e+03
4.665206393794808719e+03
4.881236375154945563e+03
3.347051572826250322e+03
5.554144979242038971e+03
4.434105777607568598e+03
6.260048319083539354e+03
3.466511229178884605e+03
5.228727251112178237e+03
3.052852532438236267e+03
5.491791331644882121e+03
5.062290029546027654e+03
6.136736015991255044e+03
3.843913353517089035e+03
6.336943429124291470e+03
5.382663114181847959e+03
4.227189983710197339e+03
4.008016512898082510e+03
5.812086502596021091e+03
4.597092749793469011e+03
5.348706387836731665e+03
5.316253091218304689e+03
5.204489423236402217e+03
3.120992758216312723e+03
6.382550857370483754e+03
5.294681488547120352e+03
6.046836650212570021e+03
4.295722066308801004e+03
3.302858647508378908e+03
6.904051651615514857e+03
5.635034629996539479e+03
5.392787514899928283e+03
5.929664181818009638e+03
5.765025502695852992e+03
4.757030198876445866e+03
4.717322625134499503e+03
4.495157241013116618e+03
5.092111626232492199e+03
5.405221839833036029e+03
5.319105966887896102e+03
5.129366370405860835e+03
4.448266140260353495e+03
5.238492456033636699e+03
5.173471891228954519e+03
4.677131444656559324e+03
4.587682577514773584e+03
5.734559255881221361e+03
3.573025219457967978e+03
4.252640829170333745e+03
2.486674825665796561e+03
3.446001517729887382e+03
5.125015398129501591e+03
5.172146968252553961e+03
5.270128111551014626e+03
5.620371165550225669e+03
4.401126273383891203e+03
5.510816523207060527e+03
4.729950652600613466e+03
5.013813453337921601e+03
4.130277246517616732e+03
6.245091407811200042e+03
5.271335383340085173e+03
5.436136187044605322e+03
5.145503362736219970e+03
5.575081806770769617e+03
4.988820690599841328e+03
4.237046276241564556e+03
4.374068757181812543e+03
6.268533823591782493e+03
4.420085499327544312e+03
5.600165176134087233e+03
4.485356188985935660e+03
6.396258875033341610e+03
4.166542704395992587e+03
5.402447905886521767e+03
5.516942157141462303e+03
4.309368130587909036e+03
4.879968063015079679e+03
5.794470497538430209e+03
4.844667657030788178e+03
4.489504063029862664e+03
6.419109550716429112e+03
5.240048988453387210e+03
4.856467225945973951e+03
5.754060757658619877e+03
5.973969268305988408e+03
5.633845894903925000e+03
4.750117824640657091e+03
4.828103899148731216e+03
7.162013049984779173e+03
4.641610093485295693e+03
4.100107349890517071e+03
5.402514809876752224e+03
4.035266833699676681e+03
5.386387510789795670e+03
4.461727063624233779e+03
4.358881005460981214e+03
5.357630244372376183e+03
6.529750228658383094e+03
5.600673666282112208e+03
5.270814214114273454e+03
6.353757408102348563e+03
3.112342197986073188e+03
6.037174423611550992e+03
4.747984306781726445e+03
5.080917067587045494e+03
6.216684525063989895e+03
5.162361490124745615e+03
7.264139025756206138e+03
3.515924038445792121e+03
4.355039104922056140e+03
3.896450574698024411e+03
5.486147779802224250e+03
4.623425815131418858e+03
6.727156464122785110e+03
3.598895753301619607e+03
4.881616951511534353e+03
3.817044288878280440e+03
4.698017852093644251e+03
5.069676929251529145e+03
4.497588022384888063e+03
4.662739912324147554e+03
3.435173265693590110e+03
4.715110156964442467e+03
4.901212258973027929e+03
4.855361345938574232e+03
6.233799677381766742e+03
5.933158688229057589e+03
4.028884621357623473e+03
5.481198094427183605e+03
3.148234321781115341e+03
4.906065939924201302e+03
5.470592365466460251e+03
6.953922012604767588e+03
6.360357098977974601e+03
4.400791651693626591e+03
6.075000117591587696e+03
4.772984975830915573e+03
5.077593298222671365e+03
4.730929943117569564e+03
4.992501073547054148e+03
4.083565981064384687e+03
3.889953506425437809e+03
6.010931348389599407e+03
5.936294456925365012e+03
3.979741597774028378e+03
6.191060669742756545e+03
3.683688492831857275e+03
4.557652690148010151e+03
5.839362185481545566e+03
4.115460435617008443e+03
4.389969570225583084e+03
5.309645419627199772e+03
5.451415283262641424e+03
3.858903164212224965e+03
6.136248490183124886e+03
4.421378130255905489e+03
3.516462619654809714e+03
4.742312841883986039e+03
5.905270042968747475e+03
7.043859830707245237e+03
4.066312920310272148e+03
5.284377652116446370e+03
5.439716316462022405e+03
5.703500970525701632e+03
5.281070086036370412e+03
3.237612435502152039e+03
4.858005155747659046e+03
6.579463899988695630e+03
3.763623114079594416e+03
5.108622423276074187e+03
6.840213088726404749e+03
6.377215924186214579e+03
4.449654647356022906e+03
5.516664332816770184e+03
5.526404886802671172e+03
3.366886780990942498e+03
3.095977215473839351e+03
5.085201202866769563e+03
6.305638253900744530e+03
5.718920496863961489e+03
6.025351214501159120e+03
4.713229661666901848e+03
5.503439210167109195e+03
4.968313229591639356e+03
6.004035056950537182e+03
2.366206014670193781e+03
4.905542024400734590e+03
5.971224986044554498e+03
4.721287641026510755e+03
4.765062760907573647e+03
4.077371377896210106e+03
5.083443513468157107e+03
4.152096206239344610e+03
3.969636476275965379e+03
4.210993892798600427e+03
4.534300597426850800e+03
3.350436285856252198e+03
4.518622949563201473e+03
4.219799503468071634e+03
5.259580408535906827e+03
4.901727336976920924e+03
5.752322052178880767e+03
6.799300702538139376e+03
5.551920241630041346e+03
5.342755834720839630e+03
6.025426119570640367e+03
6.542477520159161941e+03
5.952344458733665306e+03
6.906444181325306999e+03
4.118372793241925137e+03
6.352909961837493938e+03
4.323673027813532826e+03
3.971874145717548799e+03
5.033376017103687445e+03
4.258326254481230535e+03
5.829984269483895332e+03
5.412814920911423542e+03
5.261631206192182617e+03
5.257753047489622077e+03
4.741644676630921822e+03
4.640754618566907084e+03
4.716435641057139946e+03
5.798687729001657317e+03
3.347025644771392308e+03
5.351436105834502087e+03
5.987557722183234546e+03
5.314686059329670570e+03
5.227602329095740970e+03
4.743241304927234523e+03
3.969067818538411302e+03
5.466478688147859430e+03
2.754085453965146371e+03
5.403997231824075243e+03
4.026293367882660732e+03
5.200456797927166008e+03
4.604391795177603854e+03
4.885388187025916523e+03
5.033207450728125878e+03
3.854698283577165057e+03
5.769126987873860344e+03
5.399144628477204606e+03
5.044394648705243526e+03
5.519997401641938268e+03
6.168662639702259185e+03
4.880316580861388502e+03
4.863838389804298458e+03
3.202426463190096456e+03
4.298178064864327098e+03
4.767867375457355593e+03
4.862562313769968569e+03
5.551642699985688523e+03
6.123486481861030370e+03
4.756480469591888323e+03
4.480381880034065944e+03
4.364869551458750720e+03
5.404720897954790416e+03
3.664562014367363645e+03
5.501057772865296101e+03
5.687236099379270854e+03
4.442146994898203957e+03
4.180572548061565612e+03
5.953879634163245100e+03
5.053859047219943022e+03
5.231556314431712963e+03
5.268117963210705966e+03
5.320946774237155296e+03
5.350880170039692530e+03
5.867139646495433226e+03
5.560219103043003997e+03
3.635849729621231745e+03
4.089848272369857114e+03
4.475364839970606226e+03
4.063804818223180973e+03
4.479653479044010965e+03
5.603668600244266599e+03
6.497469089704803082e+03
4.692801412726454146e+03
5.456786740796254890e+03
5.427502265565727612e+03
6.440031440077111256e+03
3.817591169417642050e+03
5.972547764703014764e+03
4.823302086653057813e+03
4.754335778335711439e+03
3.905930555031534823e+03
5.641937167322665118e+03
4.495001780883303582e+03
5.449996272134312676e+03
5.871676255279271572e+03
6.010075567347776087e+03
3.374290382793888057e+03
4.732168949548053206e+03
5.328362649784714449e+03
6.368660022838184886e+03
5.421244431525678010e+03
4.588004471224830922e+03
5.565441797687954022e+03
3.155854172728336380e+03
5.712011211305345569e+03
4.308797423372475350e+03
4.557997600753191364e+03
6.195467060110689090e+03
4.482716580965854519e+03
5.516682595779820986e+03
4.737043218047871051e+03
4.793809503817929908e+03
5.032689464031725947e+03
4.919684018410634962e+03
4.486622606187592282e+03
5.231348850217015752e+03
4.930204063912612582e+03
5.931345475326426822e+03
3.845055517605428122e+03
4.053214225516668648e+03
3.649903667364875218e+03
5.957619842094740306e+03
5.316167607909160324e+03
3.719998643745427216e+03
4.099382146841984650e+03
5.489178281399969819e+03
6.479434155794519938e+03
6.287861451414173644e+03
6.386706603483386971e+03
4.600036663052962467e+03
4.615803063573297550e+03
5.580718615540980863e+03
5.923016367726036151e+03
5.456158816928558736e+03
4.001517349270876821e+03
4.815777440898696113e+03
5.359035055813904364e+03
4.954348375331186617e+03
3.702762636874007057e+03
4.997491382567131950e+03
5.636066713775802782e+03
5.629057832625597257e+03
4.096869202112325183e+03
5.351409128823035644e+03
5.340687170097827220e+03
5.925470371926578991e+03
5.890967389702296714e+03
5.311712748205751268e+03
5.294236375285729991e+03
6.218310090194737313e+03
5.903401949815395710e+03
6.808953335812383557e+03
5.163120886997468006e+03
5.020016121328187182e+03
5.022956643253422044e+03
4.648814864644489717e+03
4.851316983390520363e+03
5.772956236241282568e+03
6.527817896169348387e+03
5.696116104684030688e+03
4.703676549333022194e+03
5.422172064491940546e+03
3.955957798428508340e+03
3.652839308887387233e+03
4.665401842863610909e+03
4.697558234166964212e+03
5.794062546974702855e+03
6.170320514398314117e+03
5.583863728567997896e+03
5.140957399924142010e+03
4.205857690711478426e+03
5.686924635952977042e+03
6.555820923220077020e+03
5.394937596748274700e+03
3.349374206272749234e+03
4.546657846539308593e+03
3.938645126830521804e+03
3.799352907400888853e+03
5.295835139356597210e+03
6.321655445398875599e+03
4.905247973202868707e+03
5.118540232611654574e+03
4.187608677116116269e+03
4.373079788674323936e+03
3.322863372054614956e+03
6.604862587937032004e+03
5.839267996910213697e+03
5.013978421495748989e+03
5.614255933691105383e+03
4.875924904303767107e+03
3.934022521321565364e+03
5.367629211959927488e+03
5.154690040502100601e+03
5.628546852859492901e+03
5.366789851417449427e+03
4.747732684012281425e+03
5.584573308339149662e+03
7.280368130895867580e+03
3.462141690050930720e+03
4.383165182641335377e+03
5.577560113070241641e+03
4.982941248718182578e+03
4.757893688485984967e+03
5.932489849342699927e+03
5.501961661685370018e+03
3.561939983773955191e+03
2.732187034016510552e+03
6.226565374336547393e+03
4.737747878300990124e+03
4.722281976075932107e+03
6.557614715178574443e+03
4.779353495925302013e+03
4.486637718622606371e+03
5.328937535265423321e+03
4.016910622888730813e+03
6.237109353587412443e+03
5.938671831901820042e+03
4.059681660993600417e+03
5.161852532771767073e+03
6.113583739889227218e+03
5.618515710971741100e+03
4.803285724977572499e+03
7.264499370422976426e+03
6.334304290975273034e+03
3.919875439263514636e+03
5.789393862988469664e+03
3.560533520291265631e+03
4.619033640634319454e+03
5.702205774989322890e+03
5.444375863289431436e+03
3.981574835093336333e+03
7.317999701899992942e+03
4.351730473572652045e+03
5.189861318397121977e+03
4.895294827516796431e+03
6.167883876308782419e+03
4.005366852213155653e+03
4.174426659406342878e+03
4.182998817204193074e+03
5.620534323738202147e+03
4.508060054898235649e+03
6.035469310617811061e+03
5.931501737843404953e+03
4.661876734616053909e+03
5.489304601200376055e+03
5.999535416204668763e+03
4.946434662513071089e+03
6.827714233319176856e+03
5.959159996841068278e+03
4.311539916865803207e+03
4.719522155241737892e+03
5.693385876638918489e+03
5.630768900070969721e+03
4.313528567891006787e+03
5.914276203179684671e+03
6.148819247220575562e+03
5.017688435428241974e+03
6.104989420739171692e+03
4.444115790514871151e+03
4.452832317201087790e+03
4.251153390588606271e+03
5.342416388444262338e+03
5.317097715450370742e+03
4.244704997087372249e+03
4.855281375526815282e+03
4.980570049937588919e+03
4.898332957255135625e+03
4.116599900594615974e+03
4.706989222490041357e+03
5.360104002493850203e+03
6.365440525608601092e+03
4.572433237129926056e+03
5.255624152355076149e+03
5.948733514562531127e+03
5.733113765096702991e+03
5.044617994016574812e+03
4.163462449509488579e+03
4.882394507447409524e+03
5.419834671575140419e+03
4.869794717499713443e+03
5.619559083062244099e+03
6.625060181379062669e+03
6.104286525725735373e+03
4.964156967665283446e+03
4.663294736945488694e+03
3.207857338956240255e+03
4.271323229721620919e+03
4.880902278489402306e+03
5.801108367810042182e+03
7.092762954112333318e+03
4.852090790113391449e+03
5.454463977283063286e+03
5.379326336339477166e+03
4.531757306932964639e+03
4.006194181183062483e+03
5.996686384931193061e+03
5.733843069228110835e+03
4.885656116790531087e+03
4.842512834337296226e+03
4.386183839434380388e+03
3.802111163161614513e+03
5.358147280782477537e+03
3.782261333493822349e+03
6.248055465517461016e+03
5.141077828417261117e+03
3.826028085200282476e+03
4.094993639523342154e+03
7.890639370048589626e+03
5.468311167130598733e+03
4.518991889101288507e+03
5.086360193780224108e+03
5.251388832274878041e+03
5.009107943609117683e+03
6.086757504469687774e+03
4.032910689904778792e+03
3.026055955538634407e+03
3.884352121356475436e+03
4.514430974427681576e+03
5.756699883998700898e+03
3.975262482587668728e+03
5.074722545153619649e+03
6.886994968310264994e+03
5.161184632736364620e+03
4.384627534885348723e+03
4.376311818614462027e+03
4.761490879989662972e+03
5.716686429509521986e+03
6.899771472303269547e+03
3.509202586005962075e+03
3.948011315707835820e+03
4.632870660250979199e+03
5.212214510079638785e+03
4.736880615016038064e+03
2.610096456095507165e+03
4.566833307836127460e+03
5.127714655800850778e+03
3.872077361992784063e+03
4.639170556788209069e+03
4.336209398823149968e+03
3.786022987307813764e+03
4.737821688573297251e+03
4.832800295718762754e+03
5.692604396226168319e+03
3.958505342574993392e+03
6.362369502463468052e+03
3.633369218128940247e+03
5.062476259685093282e+03
5.821411972306606913e+03
4.672615054449614945e+03
4.037728220512418375e+03
5.267095127224136377e+03
4.634824063584021133e+03
6.719339055187317172e+03
5.494436698079789494e+03
5.867366276622388796e+03
6.400486475324485582e+03
3.500132386756305095e+03
4.820539127288615418e+03
6.492822302021786527e+03
6.480713492817001679e+03
4.458303845490112508e+03
5.273462641653485662e+03
5.047758777721721344e+03
4.790096092425654206e+03
5.517678482486469875e+03
5.461823612113555100e+03
5.079775366700571794e+03
5.075610781901365954e+03
4.739039841741354394e+03
4.732843864862972623e+03
5.419870103406976341e+03
4.325247319414499543e+03
4.260203993846654157e+03
5.796787368626532952e+03
6.195921305547513839e+03
5.395893047221798952e+03
5.675616758948503048e+03
4.087433445386588573e+03
2.869565443999726085e+03
4.924135472083097739e+03
3.957728998086480715e+03
3.816902565263085762e+03
4.886671235795802204e+03
5.805289378160801789e+03
4.134919215833740964e+03
6.075717598140630798e+03
3.745535120390882639e+03
5.579895647758914492e+03
4.540415281352698912e+03
6.106844306166291972e+03
5.010722522806272536e+03
5.007911164249595458e+03
5.851370187122440257e+03
6.084860231872211443e+03
5.300410907228912038e+03
4.953924108955316115e+03
4.932512057791889674e+03
4.481516111025732243e+03
5.621804820375931740e+03
4.573891846137826178e+03
4.324364547504657821e+03
4.172441555837394844e+03
4.939547696998661195e+03
5.266856622237803094e+03
5.066220866579130416e+03
4.725076020605938538e+03
4.238033174365511513e+03
2.971360955530865795e+03
3.270630805825712287e+03
4.080201608946741544e+03
6.162782358157326598e+03
5.040022160325602272e+03
5.159919486521196632e+03
4.719388549686985243e+03
4.405833571649977785e+03
4.752364778845787441e+03
5.270440330118372003e+03
5.186174410833888032e+03
4.978447814744781681e+03
5.299145873755107459e+03
4.549373983715418944e+03
5.801606513183143761e+03
5.399958720634889687e+03
2.748291354627340297e+03
4.823587134109209728e+03
4.649419232639501388e+03
5.369148045335000461e+03
4.847277264230472611e+03
5.632958217278260236e+03
5.714734472005054158e+03
4.591104298656315223e+03
5.167072342701048001e+03
3.802115942161874500e+03
5.416484699365231791e+03
5.595360743972554701e+03
5.687516911166695536e+03
5.672063406190867681e+03
6.981313034510279067e+03
4.098459912650732804e+03
4.522717972690144052e+03
5.202523360443731690e+03
7.129220017607037335e+03
5.858509124851017987e+03
6.017913063567159043e+03
4.500088410069442943e+03
6.035179346955573237e+03
5.442742851741812046e+03
4.869267866341684567e+03
5.101757191572020929e+03
6.127443252939653576e+03
6.304956454719164867e+03
4.396833512315908592e+03
5.475162030224069895e+03
5.234005974565612632e+03
4.888532308771112184e+03
2.297772072100308833e+03
4.750998742034114002e+03
4.231898330451881520e+03
5.731589287558986143e+03
6.114226364071225362e+03
4.614700101864680619e+03
4.684515412218636811e+03
4.327197286949109184e+03
5.746043463038437039e+03
5.021329876372523358e+03
5.018284190026729448e+03
4.899462629348317023e+03
4.752690545654851121e+03
5.185655474693823635e+03
5.832313532817926898e+03
4.150304014100915083e+03
3.185098693549816744e+03
5.838641131020109242e+03
6.326161132717896180e+03
5.554803475187889489e+03
4.885680189687500388e+03
4.338699626348950915e+03
4.560027552686256968e+03
4.459848692645618030e+03
6.840311770289716151e+03
5.178747749415528233e+03
5.671428416516097968e+03
4.192218919292976352e+03
6.167270921211355017e+03
6.607414528952460387e+03
6.924111441295181066e+03
6.162240760437263816e+03
4.983016160789914466e+03
6.041306580529864732e+03
5.602141363995078791e+03
4.264300609992142199e+03
5.537815395139904467e+03
5.664042025771506815e+03
6.177797403641410710e+03
5.999149870437254322e+03
6.454749514479880418e+03
4.894525665347305221e+03
6.678756731921478604e+03
5.008503109016452981e+03
5.606475134868751411e+03
4.176114223517910432e+03
5.920904232598261842e+03
4.698670195268177849e+03
5.195563128812680588e+03
5.190118810640525226e+03
4.314344359943990639e+03
4.240102210545674097e+03
4.323925785113486199e+03
5.677919838078962130e+03
4.962277661816262480e+03
3.471528710354535178e+03
5.573229691401898890e+03
5.298103536346887267e+03
6.513813808597794377e+03
3.971703312173353424e+03
4.789100979479761918e+03
3.892500902331110410e+03
5.777868489997548750e+03
3.946039553785947646e+03
5.495929327796902726e+03
5.347343883229057610e+03
4.439926823164047164e+03
3.710326650536123452e+03
5.986527754164796534e+03
4.521126095626304959e+03
4.774939682544729294e+03
4.638334589225731179e+03
4.472261024151417587e+03
5.226798361571110945e+03
4.274982306729118136e+03
4.791838073728773452e+03
4.910968182263164636e+03
5.574849330974791883e+03
4.604613221265844913e+03
4.801268300220352103e+03
4.969786721058864714e+03
5.251910971242304186e+03
7.130349460312429983e+03
3.852265010780520697e+03
4.209027363646884623e+03
4.701201434844972027e+03
5.241611742898228840e+03
5.675636162594621965e+03
5.702147200521078048e+03
6.649283502846211377e+03
6.323312275182004669e+03
3.351264551517522705e+03
6.193612494030444395e+03
4.570442175648831835e+03
3.872544830733799699e+03
5.713330502218834226e+03
5.132748480128309893e+03
3.802608814359362441e+03
3.660436834148718390e+03
5.981379299978001654e+03
7.187579583916171032e+03
6.177094630322452758e+03
5.555751350871914838e+03
6.322323582750730566e+03
6.010356793700118942e+03
5.728662334945749535e+03
6.060119835537166182e+03
5.733562374073942010e+03
3.531315248068479377e+03
4.566267700890644846e+03
5.258587560858917641e+03
3.776501045466963660e+03
5.210108063049085104e+03
4.688546992466433949e+03
4.357732955701942046e+03
6.322058429628049453e+03
4.469554981240655252e+03
5.465059317691613614e+03
3.548615448917064441e+03
5.900561945546570314e+03
5.271379492408335864e+03
4.230854380000596393e+03
3.773278631449591558e+03
3.878583914191541226e+03
4.059763941913587132e+03
4.722759214265690389e+03
5.756374002150690103e+03
4.791768281334007042e+03
4.346285746477893554e+03
6.617649747887393460e+03
4.730987231498625988e+03
3.009124855731244679e+03
4.436438315332788079e+03
4.798802496620410238e+03
4.887840891603320415e+03
5.118887866457578639e+03
5.051229406424719855e+03
4.778900076546547098e+03
5.085427661634320430e+03
3.006247870934209459e+03
5.416810147174798658e+03
5.217967706376675778e+03
5.397730993168743225e+03
6.336144060968865233e+03
6.412620338371298203e+03
5.220437724057279411e+03
7.698992122605226541e+03
5.135153545660574309e+03
4.298968753788825779e+03
4.783315874439360414e+03
5.900712466880031570e+03
5.034456188387630391e+03
4.866718534270215969e+03
5.837721355907004181e+03
5.288037299161792362e+03
4.620555157683438665e+03
6.881448104105974380e+03
4.850777112558045701e+03
4.796236929941768722e+03
6.244089757221774562e+03
5.239991824286033989e+03
3.929901901336550509e+03
5.019371136252038923e+03
5.494243540069473966e+03
4.449543637477532684e+03
4.856878921104180336e+03
3.702545427446395934e+03
4.714897591843846385e+03
5.122097121917592631e+03
5.231327511060573670e+03
4.938707085413149798e+03
4.701122721432714570e+03
6.276378582072045901e+03
4.117390073621111696e+03
5.724566381856175212e+03
4.640368794072145647e+03
5.305745041283384126e+03
4.768413539069902981e+03
3.925506440146667046e+03
4.450423645872213456e+03
5.173869431722540867e+03
4.890566204718432346e+03
5.513142746506186995e+03
4.730464949640150735e+03
5.717579789698851528e+03
4.733767988191571931e+03
3.591150001563422848e+03
4.763438347938048537e+03
7.221596860318330073e+03
4.710724978649001059e+03
3.695666166653603796e+03
5.475638687973502783e+03
5.781602922096026305e+03
4.733162811095106008e+03
5.039297104217756896e+03
4.967414890514421131e+03
5.894165054898965536e+03
4.508500280554166238e+03
5.240234756256769288e+03
6.055037011981969044e+03
4.666762332951386270e+03
3.928474318511447564e+03
5.256334944256634117e+03
4.662400210430421794e+03
6.509667611357528585e+03
4.146384165274153929e+03
6.030883619271416137e+03
4.213324697504533106e+03
5.279099017044498396e+03
5.091330497920481321e+03
3.486214651981974839e+03
5.170754097874112631e+03
4.636895051011338182e+03
5.248011734095485735e+03
4.775205015005538371e+03
4.860292042599099659e+03
4.705962618889485384e+03
6.929567258166363899e+03
4.764764679313249871e+03
5.427982621565410227e+03
5.904716107479584025e+03
8.069648406821084791e+03
4.835253904170083842e+03
5.742169571275386261e+03
4.565269880652223037e+03
5.455301628297004754e+03
4.341314947070268317e+03
4.709126404925686984e+03
4.703875695158286362e+03
3.730420195853070709e+03
4.654579848449484416e+03
3.650961256434042298e+03
4.751675764612758940e+03
4.462686301873918637e+03
5.804469501539741032e+03
4.933670318688103180e+03
5.383409248590739480e+03
4.741404828822161107e+03
4.826904039243538136e+03
3.806665458443815623e+03
5.893299918176565370e+03
5.315511282305040368e+03
4.504583841247847886e+03
6.251816348582116007e+03
6.344732569584710291e+03
5.237228826729394314e+03
5.591238372385910225e+03
4.741610988168805306e+03
4.670857507324211838e+03
5.997045455413952368e+03
4.282558518880417978e+03
3.511641080803326986e+03
6.237518773427641463e+03
4.661210497100010798e+03
5.483099942233699949e+03
4.569295224129549752e+03
6.428843427886388781e+03
5.765761362228113285e+03
4.902732199563248287e+03
5.606957116088584371e+03
4.931739605436951933e+03
6.199741735605944996e+03
5.622993150711768976e+03
7.278338229302426043e+03
6.167388705950570511e+03
4.371451861883650054e+03
5.062133478870699037e+03
4.918364143948118908e+03
5.340690132412449202e+03
4.373764372958902641e+03
5.944213303009100855e+03
5.438395379945653985e+03
6.216178888829034804e+03
6.144524477038143232e+03
4.341871444269241692e+03
4.452441454640282245e+03
5.930739149004461979e+03
4.418951686158813573e+03
3.115669672517757135e+03
4.140020087073275135e+03
4.442533036592539247e+03
6.595401123466021090e+03
6.074179581657712333e+03
6.041219662837602300e+03
4.925854992544285778e+03
6.172022479964996819e+03
5.111008813853402899e+03
5.207443870351813530e+03
4.243685374278835297e+03
4.964763978846922328e+03
5.567044376347604157e+03
5.765243550634776511e+03
4.497657827775689839e+03
6.303810306528584988e+03
4.142346556930964653e+03
5.213479203383714776e+03
5.388378377765186997e+03
3.980269798296490990e+03
5.753917613575968971e+03
5.836441733637438119e+03
5.178751538214402899e+03
4.634752360235615924e+03
5.428952481721625190e+03
4.718409767668223139e+03
5.086230199357877609e+03
6.074999789498887367e+03
4.989293663740494594e+03
6.068255953743790087e+03
5.861331067916446045e+03
5.226675633946546441e+03
6.181267821802910476e+03
4.798612152722284009e+03
6.010742506268985380e+03
6.171543038899098065e+03
5.101708516046197474e+03
5.739066329210999356e+03
6.995630111790143928e+03
5.450062976743412946e+03
6.417725905055953262e+03
4.130786708900661324e+03
6.364022624336601439e+03
4.918060967607577368e+03
5.633105841021741071e+03
4.722908753759980755e+03
5.920196206156311746e+03
6.491135758414685370e+03
5.167540827228790477e+03
5.308343531191787406e+03
6.660947230690754623e+03
5.661425372884485114e+03
5.130691807680048441e+03
4.394675156282150056e+03
5.798767968576938074e+03
4.585636056988977543e+03
4.225637148386840636e+03
4.648161342914187117e+03
3.531640119323353247e+03
5.116082967116897635e+03
5.223731517937529134e+03
4.884012520147133728e+03
5.410291760805356716e+03
6.244555753857324817e+03
5.284442403077224299e+03
5.158507906867148449e+03
6.194927895710829944e+03
6.346038881115644472e+03
4.811473366282185452e+03
4.669087843411791255e+03
4.910197019617543447e+03
5.450419861597030831e+03
4.631023430850332261e+03
5.369269778841066909e+03
5.191440645167496768e+03
5.631696518768381793e+03
4.803086642212436345e+03
5.616795577028304251e+03
3.585887858839408182e+03
6.076819766549433552e+03
5.146279914299101620e+03
4.198263544183164413e+03
4.079364684545152613e+03
4.824024144082398379e+03
6.116107348575184005e+03
7.172811847288745412e+03
6.086688625402952312e+03
5.846713755357925038e+03
4.275505984133803395e+03
3.689813495939272798e+03
5.065941233492212632e+03
4.888339516808898225e+03
4.592937050425226516e+03
4.935330325332694883e+03
4.484603638696711641e+03
5.846329564360350560e+03
4.832046508392701071e+03
5.704885112828469573e+03
3.683069437190390090e+03
4.917445526142284507e+03
6.130716309684791668e+03
6.644821436733836890e+03
6.777348818502890936e+03
5.333348103026648459e+03
4.766905366347676136e+03
5.219021454921029544e+03
3.761318463209978290e+03
4.504998747380232999e+03
6.109829241192346672e+03
6.658555720629976349e+03
5.238285914223536565e+03
4.937014815046120930e+03
6.135199356707949846e+03
4.735391626835953502e+03
4.807156026502855639e+03
4.921326664200219966e+03
3.706833256838625402e+03
6.566401715239210716e+03
4.990411907046991473e+03
5.308430486618901341e+03
5.416224051592589603e+03
3.795552260317313994e+03
6.216644550252425688e+03
5.818431023107735200e+03
5.109420690885938711e+03
6.456562748367386121e+03
4.923251221732865815e+03
5.147869633065165544e+03
4.140744778552495518e+03
5.642930106186848207e+03
4.469942812911070178e+03
6.335894189449087207e+03
5.358845913612207369e+03
4.803350075506786197e+03
4.347210691764618787e+03
3.302463539302077606e+03
4.735979516588082333e+03
2.998874086915609041e+03
3.856204556793968550e+03
4.596398282827912226e+03
5.872962358533824954e+03
5.371739431444024376e+03
4.991486775985766144e+03
4.858009520738689389e+03
4.622703936375743069e+03
6.483336810339861586e+03
3.995306903236469680e+03
4.226351863591843539e+03
3.699197384305497508e+03
4.852931500645419874e+03
6.254673170754780585e+03
5.226411783628413104e+03
4.677625451136831543e+03
6.813000034134701309e+03
5.320995857139324471e+03
3.686767214465278812e+03
3.757763834552926255e+03
6.491190370498434277e+03
6.514275940400758373e+03
5.130481368852069863e+03
7.337867403331050809e+03
4.965389663389170892e+03
5.934590613390447288e+03
5.578633298586992169e+03
3.883053121835164347e+03
5.470614478840033371e+03
5.048362960332196053e+03
5.509359255882188336e+03
5.806285485836793669e+03
4.220348716034150129e+03
4.029561562974114622e+03
5.157908176040902617e+03
5.200102049477636683e+03
3.823513630228630063e+03
5.200449597477981115e+03
6.101316393323560078e+03
4.215694202318627504e+03
6.176745598643858102e+03
5.152703488250146620e+03
4.898422281962466514e+03
5.060383789512750809e+03
3.658591076241089013e+03
4.545158287985583229e+03
5.537050502377978773e+03
3.871865709419620543e+03
4.476562294677105456e+03
3.813806942960788547e+03
5.968095064679640927e+03
4.364834665591332850e+03
4.853916750136985684e+03
4.759139301962442005e+03
6.801815849045723553e+03
5.804777464935183161e+03
4.503292791715626663e+03
5.258799196025970559e+03
5.276189019916167126e+03
4.429740414287462045e+03
5.437241311672493794e+03
6.460351572972509530e+03
6.165624118666920367e+03
4.048462623866202648e+03
5.646904737148647655e+03
5.704720745106402319e+03
4.546674147925104990e+03
4.573362804989634242e+03
5.908049034549915632e+03
4.933644306795380544e+03
4.249257755540429571e+03
3.357590938504891710e+03
5.320575709441795880e+03
6.040738032727234895e+03
5.019790176199308917e+03
4.948005999429315125e+03
3.933283767165646623e+03
4.491606810467297692e+03
5.160835814449935242e+03
5.668687393520714977e+03
5.867787772938847411e+03
5.065003771902906010e+03
4.999115247500769328e+03
3.852348096771905603e+03
5.595676575682613475e+03
5.969908546526263308e+03
4.266006464050960858e+03
5.290472983792235027e+03
3.936961560617747182e+03
6.169313753777628335e+03
5.449711147539741432e+03
4.667740129179872383e+03
4.617893947447618302e+03
5.238783820475990979e+03
5.345675848004111685e+03
7.173027657380260280e+03
5.909736800622732517e+03
5.671939512108475355e+03
4.737028986985553274e+03
5.627540248429765597e+03
3.921179584199256624e+03
5.353248485070073912e+03
4.586176111046054757e+03
4.250781575575985698e+03
5.342761898383022526e+03
6.301952287174312005e+03
5.891913682855461047e+03
4.338691771730886103e+03
3.967941061119000096e+03
5.733479203914900609e+03
4.630792064888993082e+03
6.589313026538397025e+03
6.042783115581123639e+03
5.460964914623336881e+03
5.166619115790010255e+03
5.036197046644223519e+03
3.944942108077198554e+03
4.547880420061037512e+03
2.903666369362518708e+03
5.199229593877724255e+03
5.314574944290821804e+03
4.775290348039581659e+03
6.033819755780873493e+03
5.103590598935517846e+03
3.907504460943451704e+03
5.990078913362697676e+03
3.867125019931171209e+03
4.919121729391803456e+03
4.763882332478409808e+03
2.633456904208934702e+03
5.423603526161373338e+03
5.011906470716027798e+03
5.548404829286514541e+03
5.229834295109645609e+03
4.777857329371726337e+03
2.920194905700413528e+03
5.296536302104644165e+03
5.997194263413559383e+03
5.783911769298642866e+03
3.812727658204485124e+03
4.339206147562626938e+03
6.030699414245645130e+03
5.139809101358217958e+03
5.917879801123609468e+03
5.541658108232099949e+03
5.259936608266034455e+03
5.757625612354870100e+03
6.393519699912942087e+03
4.762817919288764642e+03
5.020145704878990728e+03
5.114396411450571577e+03
5.778035220890408709e+03
4.648735523701056081e+03
5.573662358555688115e+03
5.202560666967570796e+03
5.097945560205485890e+03
5.107040633184080434e+03
4.873777282609233225e+03
5.060377743509527136e+03
5.925310475397403934e+03
5.428464481399262695e+03
3.990807654532192828e+03
4.522023482366525968e+03
2.707199984050248077e+03
5.719471232610601874e+03
6.299566461553578847e+03
6.407890625081892722e+03
5.424739788750592197e+03
5.027007707126090281e+03
5.253823358492889383e+03
3.829772779494498536e+03
4.440624069919265821e+03
4.832501780714485903e+03
4.423057288110030640e+03
3.433812414535276730e+03
3.801620501531493574e+03
5.636535655746441989e+03
4.455386759544203414e+03
6.366503439055224590e+03
3.486461686064121295e+03
6.107920965893356879e+03
5.530014914945430064e+03
4.613359549492605765e+03
3.948856923966612158e+03
6.299475401768416305e+03
4.126383658242975798e+03
6.147508097576648652e+03
5.908143925194013718e+03
4.044685076193443820e+03
5.735058934479191521e+03
5.837778452841545004e+03
6.084189449953386429e+03
3.880030357907540747e+03
5.719304824463621117e+03
5.259329376246324500e+03
5.561413402669478273e+03
5.526449126757322119e+03
6.908502670613588634e+03
6.118086002026575443e+03
4.151582416457744330e+03
2.949244337405815259e+03
4.547759967788887479e+03
5.997129958381374308e+03
5.706901889810714238e+03
3.726719532305091889e+03
6.307036054824823623e+03
6.340388339163431738e+03
5.645686360195502857e+03
4.584818622233941824e+03
4.795010231441298856e+03
5.719185609540418227e+03
6.652443500772231346e+03
4.870567307000887013e+03
6.300978414201073974e+03
3.319476615716913784e+03
5.020551696400401852e+03
4.613357992139477574e+03
5.497824838922614617e+03
5.537011246930428570e+03
4.049840620371943260e+03
4.789056427772937241e+03
5.299925124834174312e+03
4.398805237495339497e+03
4.568910232297655966e+03
3.788828800165651955e+03
5.062101490320710582e+03
5.679066226985631147e+03
7.213651750748685117e+03
5.177387159819541921e+03
5.492597571424999842e+03
3.607352918715172564e+03
5.521358284237789121e+03
5.357979384749129167e+03
5.543591495315868087e+03
4.691703881902265493e+03
4.078542382801122130e+03
4.578912193020313680e+03
6.081845468778365102e+03
5.811084147868618857e+03
4.249317171140302889e+03
5.514881712195807268e+03
5.909507105864929144e+03
4.449130586205177678e+03
4.930932725273756660e+03
4.792015960725482728e+03
4.871207216941300430e+03
4.473997403823717832e+03
4.926843979891486924e+03
5.906188681919806186e+03
5.948150059551364393e+03
4.190431192691068645e+03
5.199075360649434515e+03
4.497446875304382957e+03
7.102071921950277101e+03
5.910907261619162455e+03
5.596691717340043397e+03
4.125926883062984416e+03
4.963762987182813049e+03
5.875787930168961793e+03
5.041515014485501524e+03
3.876107917605688272e+03
4.791664425206903616e+03
4.922874815697792656e+03
3.857766756638764946e+03
5.066402779899312918e+03
5.562409864675170866e+03
4.281958799526274561e+03
3.147878801655230745e+03
4.780516881642983208e+03
3.337718341386229895e+03
4.584414594624220626e+03
4.692089886855555960e+03
3.649845058517665166e+03
5.742365088419606764e+03
3.942966033794139094e+03
4.468718940056131032e+03
4.545531262918973880e+03
5.980312308246650900e+03
5.868982905903736537e+03
5.608123573134812432e+03
4.705119838031727340e+03
3.248223854394076625e+03
4.877880771771751824e+03
4.199635903269540904e+03
5.508039483291591750e+03
5.860619794532347441e+03
5.291788863067595230e+03
6.230821463579866759e+03
6.713234467767988463e+03
5.523790914906055150e+03
4.916307776457300861e+03
5.847484515827439282e+03
4.080757054436189719e+03
4.169652513636101503e+03
4.974660239755038674e+03
5.528504795694196218e+03
5.897711187817356404e+03
5.323236639515997922e+03
5.274445504168141269e+03
3.686602856531299949e+03
4.645159459150073417e+03
6.485307554268243621e+03
4.289978377928228838e+03
6.094393926612715404e+03
4.208633312462555295e+03
5.225498190926358802e+03
6.044353506682452462e+03
4.720540810224758388e+03
4.604550195154364701e+03
5.125285976156518700e+03
4.750730474018379937e+03
5.018312918316707510e+03
6.936792984907232494e+03
5.296311858293665864e+03
4.710886562707320991e+03
5.825874740104696684e+03
5.974897481646089545e+03
3.563290018132354817e+03
5.374280710095262293e+03
5.967030643746998066e+03
5.538299066723177020e+03
6.093221744227957061e+03
5.030015276146390534e+03
5.463503141817788674e+03
5.684895104762426854e+03
5.383521081466074065e+03
5.883986084318543362e+03
4.792936055438615767e+03
5.443867382740116227e+03
5.919153985407413529e+03
4.975553555956828859e+03
6.072240249706269424e+03
4.003854254425905310e+03
3.966160497067973211e+03
5.359307264059552836e+03
4.955719273462686033e+03
6.269012317466673267e+03
5.277892456539036175e+03
5.922405282559298939e+03
4.921590029812939974e+03
5.560519802027871265e+03
4.469201049314098782e+03
4.505677179799344231e+03
4.808659395857908748e+03
5.007255264912731036e+03
5.217127949301490844e+03
6.047598758696320147e+03
4.698123220520714312e+03
3.998902543871015496e+03
5.657702133000189860e+03
5.518625419075318860e+03
5.018652890479434973e+03
5.100862278819276071e+03
5.597073519711417248e+03
5.623381865329643915e+03
4.645545622042563082e+03
4.194101958446792196e+03
4.240243091467205886e+03
3.973034687698553626e+03
5.622759503299495918e+03
5.942498226888522368e+03
5.207127664977701897e+03
4.772213712245576062e+03
5.410133393742598855e+03
4.687165733777923379e+03
4.283295967637626745e+03
5.538076648233068227e+03
5.030430148630692202e+03
4.068208091344623881e+03
4.965781273617591069e+03
4.526630724513168389e+03
3.363411597947564132e+03
4.691415169231800064e+03
4.697430334554315777e+03
4.501485366647072624e+03
4.309634643935500208e+03
5.487705030332471324e+03
4.737509857455115707e+03
4.485859923855250599e+03
5.742261969452953053e+03
6.080681289652728992e+03
5.216823061270206381e+03
3.730767476370853728e+03
4.800785407418249633e+03
6.096307706089730345e+03
3.848698387515235027e+03
5.038799457796450952e+03
6.011364576714383475e+03
6.505010229972020170e+03
3.990772483113780254e+03
6.450565644486067868e+03
5.858737746133797373e+03
4.905560696257158270e+03
4.440993378767196191e+03
4.780630308493259690e+03
5.236217651465150993e+03
5.079498520581741104e+03
5.331144885212965164e+03
2.911028894664621021e+03
4.168350698542575628e+03
4.572697021060232146e+03
5.075562852285297595e+03
4.429512406542893586e+03
4.422106295374960609e+03
4.193825664855537980e+03
5.359237814745461037e+03
4.897829856296655635e+03
5.648485152346017458e+03
5.465938611498728278e+03
6.144866609513158437e+03
5.824119895471812924e+03
4.165316638714740293e+03
5.442473903209229320e+03
3.514082610323778226e+03
4.885178715088859462e+03
4.447579233960866077e+03
5.611669459940468187e+03
6.241606215588573832e+03
4.252368869068724962e+03
5.223770979153086955e+03
5.009348557387618712e+03
4.516880274486942653e+03
6.081241724628856900e+03
6.017885730624778262e+03
5.904689758866724333e+03
5.381725178354590753e+03
5.172785558924908401e+03
3.645760958069081425e+03
3.993994786486488920e+03
5.269975375800518123e+03
4.658328549981231845e+03
4.532418753210092291e+03
4.719412893985950177e+03
5.492674095296344603e+03
5.595571904104441273e+03
4.443633936409488342e+03
4.794442624910218001e+03
4.738796695659819306e+03
5.040864189693354092e+03
6.354557120193189803e+03
6.283697072284341630e+03
4.392631759166517440e+03
4.957038795016931545e+03
5.916224897453348603e+03
5.343561899335130875e+03
5.342961019821659647e+03
6.150874191753029663e+03
5.271923219245736618e+03
5.320594275391884366e+03
5.187935793089598519e+03
5.153718337002579574e+03
4.811530410835941439e+03
7.077659089074129952e+03
6.056063018614787325e+03
5.042673704139637266e+03
5.097459236463526395e+03
4.540367121219082946e+03
4.112080994077938158e+03
5.586084954504411144e+03
6.037933506408831818e+03
6.149836241325148876e+03
5.354538933887987696e+03
4.870515746794970255e+03
4.960040842748418072e+03
4.782099079518624421e+03
4.989843139518206044e+03
4.740766900748811167e+03
3.932055078373278775e+03
3.926407372911461607e+03
5.178505634229451971e+03
5.718112619247704970e+03
4.980798994279281033e+03
4.421562609200922452e+03
5.401352662749159208e+03
4.720171203574546780e+03
5.258973119940127617e+03
6.174411958868793590e+03
5.490102568497580251e+03
6.342181319592437831e+03
5.424515396848982164e+03
5.134944616307859178e+03
5.082079279354687969e+03
4.840937346808137590e+03
6.362497223839907747e+03
4.172233357617463298e+03
4.977266905179803871e+03
5.941329755166548239e+03
6.078224755755959450e+03
4.584503427555857343e+03
6.191693565695474717e+03
5.460170832530495318e+03
5.472075189427147052e+03
3.860708904570956747e+03
4.044321472929570518e+03
5.545734371740271854e+03
5.279550153368878455e+03
4.615005417454305643e+03
6.060824071396423278e+03
4.488455001767340946e+03
4.729174067272169850e+03
5.152039883604744318e+03
5.379823361452752579e+03
5.494252835925335603e+03
3.362599122337867357e+03
2.979427279398712926e+03
5.930191145530599897e+03
4.837292318820327637e+03
5.824757812380823452e+03
3.726998383314074999e+03
5.001952166631286673e+03
5.921019243007418481e+03
4.004966824939238904e+03
6.717393567391916804e+03
4.730487590590867512e+03
5.293405211279465220e+03
4.415413255773860328e+03
5.078397553971270099e+03
5.979472577530736089e+03
6.654199280642202211e+03
4.065619820054843331e+03
4.222094308065090445e+03
4.498951886389966603e+03
4.784717517763378055e+03
4.331378171562680109e+03
5.098651956662140947e+03
5.704800724909052406e+03
5.029202895988538330e+03
3.925184294461676927e+03
4.753304361827850698e+03
5.761130701051194592e+03
4.637809082162090817e+03
3.462663590719524564e+03
4.296573629018521387e+03
4.930194232610345352e+03
4.570625806733465652e+03
5.888407910108612668e+03
4.357966114168590138e+03
4.791103010564104807e+03
5.130558910259524055e+03
4.774179225917367148e+03
4.540655320299903906e+03
6.243179756904380156e+03
6.759639302792229500e+03
5.211656076395418495e+03
4.137633994060064651e+03
5.211484197774794666e+03
5.525471646214886277e+03
4.105884492712111751e+03
5.527389614953283854e+03
6.735484952151975449e+03
6.779449745829839230e+03
6.001259506229185718e+03
5.408230880664011238e+03
5.771116698345633267e+03
5.488770610443434634e+03
4.747020376921562274e+03
7.013759360759006995e+03
5.102685817823078651e+03
5.311590322546097013e+03
3.108525710182586408e+03
4.225108531470445996e+03
4.215393969095435750e+03
4.894090795666275881e+03
5.553188244402033888e+03
6.572701663531690428e+03
4.877048435565333421e+03
3.871396374399119850e+03
4.879412845133723749e+03
3.833181229416650240e+03
5.695197664618644922e+03
5.118103166738350410e+03
2.996144827872991300e+03
5.684332076453669288e+03
4.396171773172956819e+03
4.100125942509974266e+03
4.241193025053107704e+03
5.115754637423995518e+03
4.744023502691726208e+03
3.768905964783572472e+03
4.865843275970621107e+03
5.614140182868147349e+03
5.111495619287243244e+03
5.342231464486165351e+03
4.147352981462237949e+03
3.769060767734947149e+03
4.644092924856096033e+03
5.494117211946032512e+03
3.795648425167675668e+03
4.944398587402376506e+03
2.867569816497620195e+03
5.289504023150369903e+03
4.409603976034036350e+03
6.385720971139404355e+03
5.453401955096445818e+03
4.883180817666178882e+03
5.237020989304360228e+03
5.458033178440678967e+03
4.541835590227004104e+03
5.696915981794561958e+03
4.406359363730640325e+03
5.265055227908240340e+03
3.436921802153487079e+03
5.415393352271386902e+03
6.771733945352185401e+03
4.560373860490753941e+03
5.473544197619163242e+03
5.958420799703267221e+03
4.469374054161179629e+03
5.441798564069113127e+03
5.156288401399035138e+03
4.222462407745522796e+03
5.136705338542676145e+03
4.256782951102803054e+03
5.765012835546543101e+03
4.504706531874994653e+03
5.072334758099081228e+03
5.374231769750044805e+03
4.915325387163651612e+03
5.509893528710746068e+03
7.139524511723284377e+03
6.288286364026853335e+03
4.077676854985920727e+03
4.175442756270354948e+03
4.751271953961755571e+03
4.039379410091795307e+03
5.957048234157075967e+03
5.308762079795945283e+03
4.646650447346065448e+03
4.961454662341701805e+03
4.663354495921164926e+03
4.961220175670837307e+03
4.583151061311117701e+03
4.650164630398596273e+03
3.947059661522103852e+03
5.558735740358849398e+03
5.190306269024782523e+03
4.459480721758079198e+03
3.774863054566901155e+03
3.885886538140855919e+03
5.737264975794356360e+03
5.148808664081121606e+03
5.195795157122791352e+03
5.312357348710162114e+03
4.445197010005607808e+03
2.949633735277287997e+03
3.697201760021644532e+03
4.450110616346429197e+03
4.294524253104875243e+03
5.269193606119320975e+03
3.139627107576495291e+03
5.976695166668806451e+03
4.381771258886030409e+03
6.182243057345987836e+03
2.597512892235210529e+03
5.800577910241111567e+03
5.752392008169370456e+03
5.297743714937028926e+03
4.374927909974845534e+03
4.214986400878053246e+03
4.643028815798858886e+03
7.248798570542076959e+03
6.191884193810906254e+03
5.325707863938726405e+03
4.936849189310096335e+03
5.067300011289551549e+03
4.534475987499211442e+03
5.779982297989006838e+03
4.766431363659893577e+03
6.124508352174942047e+03
5.223503295489832453e+03
4.458788129255185595e+03
4.149304932305247348e+03
5.460737148537405119e+03
3.847974942088747412e+03
4.691989597833064181e+03
4.011104535409512209e+03
3.437562539146588279e+03
4.239451960275212514e+03
5.476773604205094671e+03
6.619328774724443974e+03
4.273992054850362365e+03
4.661084933936376729e+03
4.083790484555107469e+03
5.979174973285813394e+03
5.761832533104454342e+03
3.977559123766245648e+03
3.683796684376311987e+03
5.886322302208749534e+03
5.236449314111819149e+03
5.311988850719176298e+03
6.159868810036050490e+03
5.750913822976366646e+03
4.502079741852136067e+03
6.621944296217701776e+03
5.499745426614963435e+03
5.325641560781454245e+03
4.596036395458851075e+03
5.089591861190672716e+03
5.243053124301675780e+03
4.137586330142748920e+03
5.957357111499482016e+03
4.570799104098678072e+03
5.839307453084678855e+03
4.994522911391321031e+03
5.476937662541946338e+03
4.776965239347070565e+03
4.894035519601349733e+03
7.041928147745818933e+03
5.381536844455291430e+03
4.596645839363768573e+03
4.283380090367207231e+03
5.510724510208514403e+03
5.183358698702091715e+03
4.290677726942879417e+03
4.751119940949531156e+03
4.255585603884359443e+03
4.961466835655404793e+03
4.007029319695728191e+03
5.697656019873160403e+03
6.193310591821907110e+03
6.059487823744048001e+03
4.664353556096383727e+03
4.079367319235485866e+03
6.860369165904132387e+03
6.115578462085430147e+03
4.838466182210422630e+03
4.809378829334886177e+03
4.944141820292894408e+03
5.021071453130290138e+03
4.992472557140109529e+03
3.935260650973587417e+03
4.705499762086331430e+03
5.840857334813570560e+03
5.842095492971884596e+03
3.330239401714980886e+03
4.090406511485824922e+03
4.734010859435167731e+03
4.546137296045708354e+03
5.669063771132329748e+03
5.528702364544082229e+03
5.979468962842029214e+03
5.253255344316880837e+03
6.462436215551651912e+03
4.840341140691227338e+03
5.051891979216479740e+03
4.824653681413057711e+03
4.165336304791812836e+03
4.564447296962378459e+03
5.488209149572574461e+03
5.373163767200719121e+03
5.015457058749452699e+03
4.816891804083687020e+03
5.690917987163655198e+03
5.022708266266418832e+03
5.899166979959256423e+03
4.865452958596086319e+03
5.167544218926675967e+03
5.214771902808915911e+03
5.414548458598823345e+03
2.433896026536417594e+03
2.375507257676755216e+03
2.109166353427013291e+03
2.107786085036399527e+03
2.400878671459702673e+03
2.518328436976509693e+03
2.349115595855343599e+03
2.172886776677850321e+03
2.319302078893172165e+03
3.084581896747947667e+03
